4294967279,557
4294967279,153
4294967278,297
4294967279,151
4294967278,296
4294967279,149
4294967279,573
4294967278,294
4294967279,147
4294967279,146
4294967278,316
4294967278,61
4294967278,307
4294967278,56
4294967278,260
4294967279,530
4294967279,81
4294967279,308
4294967279,547
4294967279,79
4294967279,69
4294967279,67
4294967279,528
4294967279,64
4294967279,58
4294967279,296
4294967279,55
4294967279,53
4294967279,50
4294967279,47
4294967279,46
4294967279,330
4294967279,289
4294967279,44
4294967279,575
4294967279,37
4294967279,30
4294967279,284
4294967279,282
4294967279,22
4294967279,269
4294967279,525
4294967279,524
4294967294,30
4294967279,142
4294967279,141
4294967278,141
4294967279,140
4294967279,139
4294967279,138
4294967279,272
4294967278,277
4294967279,136
4294967278,136
4294967279,135
4294967279,134
4294967279,271
4294967279,270
4294967278,275
4294967279,267
4294967279,279
4294967279,277
4294967278,266
4294967279,529
4294967279,260
4294967279,11
4294967279,273
4294967279,329
4294967278,264
4294967294,396
4294967294,385
4294967294,384
4294967294,109
4294967294,189
4294967294,449
4294967294,118
4294967279,257
4294967279,517
4294967279,256
4294967279,254
180,6
4294967279,253
180,5
4294967278,258
180,4
180,3
180,2
180,1
4294967279,514
4294967278,256
4294967278,326
4294967278,325
4294967278,364
4294967279,316
4294967279,248
4294967279,250
4294967278,253
4294967278,250
4294967279,243
4294967279,241
4294967278,225
4294967278,239
4294967279,328
4294967278,346
4294967278,234
4294967278,407
4294967278,232
4294967279,229
4294967279,230
4294967278,222
4294967279,227
177,6
4294967278,226
177,5
177,4
4294967278,224
177,3
177,2
177,1
4294967278,221
4294967279,217
4294967278,217
4294967279,215
4294967294,437
4294967294,474
4294967279,214
4294967278,393
4294967279,535
4294967278,372
4294967278,207
4294967279,568
4294967278,321
4294967278,320
4294967279,322
4294967278,402
174,6
174,5
174,4
174,3
174,2
174,1
4294967278,300
4294967294,1422
4294967294,1421
4294967294,393
4294967294,1101
4294967278,371
4294967278,188
4294967279,304
4294967279,183
4294967278,386
4294967294,114
171,4
4294967279,178
171,3
171,2
171,1
170,4
170,3
170,2
170,1
4294967278,367
4294967279,298
4294967278,308
4294967278,377
169,6
4294967279,335
4294967278,167
169,5
169,4
169,3
169,2
169,1
4294967294,120
4294967279,291
4294967278,299
4294967278,376
168,5
168,4
168,3
168,2
168,1
4294967278,157
4294967279,556
167,5
4294967294,89
167,4
167,3
167,2
167,1
4294967278,295
4294967294,473
4294967278,146
4294967279,287
4294967278,342
166,5
4294967278,145
166,4
166,3
166,2
166,1
4294967294,413
4294967294,1172
4294967294,178
4294967294,403
4294967294,168
4294967294,414
4294967294,1005
4294967294,112
4294967294,468
4294967294,450
4294967294,17
4294967294,99
4294967294,76
165,4
165,3
165,2
165,1
0,7
4294967294,390
4294967294,472
4294967294,1
4294967294,1000
4294967294,29
4294967294,1001
4294967294,186
4294967294,1176
4294967279,137
4294967294,0
4294967278,312
4294967278,374
4294967279,334
4294967279,538
4294967279,0
4294967294,392
4294967294,389
4294967294,44
4294967294,115
4294967294,2
4294967279,519
4294967278,334
4294967278,333
4294967278,292
4294967294,40
4294967294,41
4294967294,38
4294967294,37
4294967294,42
4294967294,67
4294967294,45
4294967294,424
4294967278,284
4294967279,266
4294967294,107
4294967294,91
4294967294,90
4294967294,87
4294967294,86
4294967294,85
4294967294,84
4294967294,419
4294967294,1175
4294967294,1174
4294967294,1017
4294967294,28
4294967294,1018
4294967294,26
4294967294,387
4294967294,46
4294967294,53
4294967294,427
4294967294,36
4294967294,39
4294967294,96
4294967294,94
4294967294,9
4294967278,270
4294967294,8
4294967278,401
4294967279,278
4294967294,6
4294967294,22
4294967278,269
4294967294,25
4294967294,1095
4294967294,1093
4294967294,1092
4294967294,1090
4294967294,1015
4294967294,1013
4294967294,1008
4294967294,1006
4294967294,1004
4294967294,1002
4294967294,999
4294967294,998
4294967294,421
4294967294,190
4294967294,185
4294967294,182
4294967294,176
4294967294,173
4294967294,170
4294967294,163
4294967294,162
4294967294,161
4294967294,82
4294967294,93
4294967294,95
4294967294,50
4294967294,436
4294967294,43
4294967294,417
4294967294,51
4294967294,52
4294967294,12
4294967294,1016
4294967294,27
4294967294,92
4294967294,88
4294967294,81
4294967294,1098
4294967294,1419
4294967294,83
4294967294,11
4294967294,68
4294967278,132
4294967278,131
4294967278,130
4294967278,129
4294967278,128
4294967278,127
4294967278,126
4294967278,125
4294967278,124
4294967278,123
4294967278,122
4294967278,121
4294967278,120
4294967278,119
4294967278,118
4294967278,117
4294967278,116
4294967278,115
4294967278,114
4294967278,113
4294967278,112
4294967278,111
4294967278,110
4294967278,109
4294967278,108
4294967278,107
4294967278,106
4294967278,105
4294967278,104
4294967278,103
4294967278,102
4294967278,101
4294967278,100
4294967278,99
4294967278,98
4294967278,97
4294967278,96
4294967278,95
4294967278,94
4294967278,93
4294967278,92
4294967278,91
4294967278,90
4294967278,89
4294967278,87
4294967278,86
4294967278,85
4294967278,84
4294967278,83
4294967278,82
4294967278,81
4294967278,80
4294967278,79
4294967278,78
